                                             A ZAMS Stellar Model
                                             --------------------

                                             M    =     1.00000 solar
                                             L    =     0.90000 solar
                                             R    =     1.08572 solar
                                             Teff =  5400.00000 K
                                             X    =     0.70000
                                             Y    =     0.29200
                                             Z    =     0.00800



 # zone      r         tau     1-M_r/Ms      L_r         T          P         rho        kap        eps  rc_flag  dlnPdlnT
    0  0.755E+09  0.000E+00  0.000E+00  0.345E+27  0.000E+00  0.000E+00  0.000E+00  0.000E+00  0.000E+00  r 99.9
    1  0.754E+09  0.126E+00  0.380E-13  0.345E+27  0.309E+04  0.601E+00  0.140E-07  0.238E+02  0.135-107  r  1.0
    2  0.754E+09  0.275E+00  0.105E-12  0.345E+27  0.836E+04  0.496E+01  0.381E-07  0.167E+01  0.512E-79  c  1.7
    3  0.754E+09  0.299E+00  0.178E-12  0.345E+27  0.136E+05  0.972E+01  0.599E-08  0.101E+00  0.449E-69  c  1.4
    4  0.753E+09  0.306E+00  0.317E-12  0.345E+27  0.189E+05  0.189E+02  0.829E-07  0.208E+00  0.114E-61  c  2.3
    5  0.752E+09  0.313E+00  0.526E-12  0.345E+27  0.216E+05  0.326E+02  0.121E-07  0.715E-01  0.167E-62  r 99.9
    6  0.751E+09  0.314E+00  0.776E-12  0.345E+27  0.216E+05  0.491E+02  0.151E-07  0.622E-01  0.430E-60  r 99.9
    7  0.751E+09  0.314E+00  0.971E-12  0.345E+27  0.216E+05  0.620E+02  0.219E-08  0.400E-01  0.624E-61  r 99.9
    8  0.750E+09  0.316E+00  0.105E-11  0.345E+27  0.216E+05  0.670E+02  0.464E-07  0.103E+00  0.132E-59  r 99.9
    9  0.749E+09  0.322E+00  0.121E-11  0.345E+27  0.216E+05  0.779E+02  0.805E-07  0.142E+00  0.229E-59  r 99.9
   10  0.748E+09  0.338E+00  0.150E-11  0.345E+27  0.216E+05  0.978E+02  0.151E-06  0.212E+00  0.429E-59  r 99.9
   11  0.748E+09  0.385E+00  0.206E-11  0.345E+27  0.216E+05  0.135E+03  0.280E-06  0.326E+00  0.799E-59  r 99.9
   12  0.747E+09  0.521E+00  0.308E-11  0.345E+27  0.216E+05  0.205E+03  0.522E-06  0.515E+00  0.150E-58  r 99.9
   13  0.746E+09  0.927E+00  0.499E-11  0.345E+27  0.216E+05  0.334E+03  0.974E-06  0.826E+00  0.282E-58  r 99.9
   14  0.745E+09  0.215E+01  0.855E-11  0.345E+27  0.216E+05  0.577E+03  0.182E-05  0.134E+01  0.544E-58  r 99.9
   15  0.745E+09  0.583E+01  0.152E-10  0.345E+27  0.217E+05  0.103E+04  0.339E-05  0.216E+01  0.112E-57  r 99.9
   16  0.744E+09  0.167E+02  0.274E-10  0.345E+27  0.218E+05  0.188E+04  0.627E-05  0.343E+01  0.277E-57  r 80.3
   17  0.743E+09  0.469E+02  0.499E-10  0.345E+27  0.222E+05  0.343E+04  0.114E-04  0.514E+01  0.109E-56  r 30.0
   18  0.742E+09  0.120E+03  0.898E-10  0.345E+27  0.232E+05  0.619E+04  0.198E-04  0.686E+01  0.105E-55  r 13.2
   19  0.742E+09  0.268E+03  0.157E-09  0.345E+27  0.249E+05  0.109E+05  0.324E-04  0.791E+01  0.273E-54  r  7.6
   20  0.741E+09  0.518E+03  0.263E-09  0.345E+27  0.273E+05  0.183E+05  0.498E-04  0.816E+01  0.120E-52  r  5.6
   21  0.740E+09  0.892E+03  0.421E-09  0.345E+27  0.299E+05  0.294E+05  0.731E-04  0.800E+01  0.515E-51  r  4.9
   22  0.739E+09  0.141E+04  0.649E-09  0.345E+27  0.327E+05  0.455E+05  0.103E-03  0.770E+01  0.170E-49  r  4.7
   23  0.739E+09  0.211E+04  0.965E-09  0.345E+27  0.356E+05  0.678E+05  0.141E-03  0.738E+01  0.413E-48  r  4.6
   24  0.738E+09  0.301E+04  0.139E-08  0.345E+27  0.386E+05  0.981E+05  0.189E-03  0.707E+01  0.751E-47  r  4.5
   25  0.737E+09  0.414E+04  0.195E-08  0.345E+27  0.415E+05  0.138E+06  0.247E-03  0.678E+01  0.106E-45  r  4.5
   26  0.736E+09  0.556E+04  0.268E-08  0.345E+27  0.445E+05  0.190E+06  0.318E-03  0.652E+01  0.119E-44  r  4.5
   27  0.735E+09  0.729E+04  0.360E-08  0.345E+27  0.475E+05  0.257E+06  0.402E-03  0.627E+01  0.111E-43  r  4.5
   28  0.735E+09  0.939E+04  0.476E-08  0.345E+27  0.505E+05  0.340E+06  0.501E-03  0.605E+01  0.869E-43  r  4.5
   29  0.734E+09  0.119E+05  0.619E-08  0.345E+27  0.535E+05  0.444E+06  0.617E-03  0.585E+01  0.588E-42  r  4.5
   30  0.733E+09  0.149E+05  0.794E-08  0.345E+27  0.565E+05  0.572E+06  0.752E-03  0.566E+01  0.349E-41  r  4.5
   31  0.732E+09  0.184E+05  0.101E-07  0.345E+27  0.596E+05  0.726E+06  0.907E-03  0.549E+01  0.185E-40  r  4.5
   32  0.732E+09  0.224E+05  0.126E-07  0.345E+27  0.626E+05  0.913E+06  0.108E-02  0.533E+01  0.882E-40  r  4.6
   33  0.731E+09  0.271E+05  0.156E-07  0.345E+27  0.656E+05  0.113E+07  0.129E-02  0.518E+01  0.384E-39  r  4.6
   34  0.730E+09  0.325E+05  0.192E-07  0.345E+27  0.687E+05  0.140E+07  0.151E-02  0.504E+01  0.154E-38  r  4.6
   35  0.729E+09  0.387E+05  0.233E-07  0.345E+27  0.717E+05  0.171E+07  0.177E-02  0.491E+01  0.573E-38  r  4.6
   36  0.729E+09  0.457E+05  0.282E-07  0.345E+27  0.748E+05  0.207E+07  0.206E-02  0.479E+01  0.199E-37  r  4.6
   37  0.728E+09  0.536E+05  0.337E-07  0.345E+27  0.778E+05  0.249E+07  0.238E-02  0.468E+01  0.650E-37  r  4.6
   38  0.727E+09  0.626E+05  0.402E-07  0.345E+27  0.809E+05  0.297E+07  0.273E-02  0.457E+01  0.201E-36  r  4.6
   39  0.726E+09  0.726E+05  0.475E-07  0.345E+27  0.840E+05  0.353E+07  0.313E-02  0.447E+01  0.588E-36  r  4.6
   40  0.726E+09  0.837E+05  0.559E-07  0.345E+27  0.871E+05  0.417E+07  0.356E-02  0.438E+01  0.164E-35  r  4.6
   41  0.725E+09  0.962E+05  0.654E-07  0.345E+27  0.902E+05  0.489E+07  0.404E-02  0.429E+01  0.440E-35  r  4.6
   42  0.724E+09  0.110E+06  0.762E-07  0.345E+27  0.933E+05  0.571E+07  0.456E-02  0.420E+01  0.113E-34  r  4.6
   43  0.723E+09  0.125E+06  0.882E-07  0.345E+27  0.964E+05  0.664E+07  0.513E-02  0.412E+01  0.279E-34  r  4.6
   44  0.723E+09  0.142E+06  0.102E-06  0.345E+27  0.995E+05  0.768E+07  0.575E-02  0.405E+01  0.666E-34  r  4.6
   45  0.722E+09  0.160E+06  0.117E-06  0.345E+27  0.103E+06  0.886E+07  0.643E-02  0.397E+01  0.154E-33  r  4.6
   46  0.721E+09  0.181E+06  0.134E-06  0.345E+27  0.106E+06  0.102E+08  0.716E-02  0.390E+01  0.345E-33  r  4.6
   47  0.720E+09  0.203E+06  0.152E-06  0.345E+27  0.109E+06  0.116E+08  0.795E-02  0.383E+01  0.750E-33  r  4.6
   48  0.720E+09  0.227E+06  0.173E-06  0.345E+27  0.112E+06  0.132E+08  0.881E-02  0.377E+01  0.159E-32  r  4.6
   49  0.719E+09  0.253E+06  0.196E-06  0.345E+27  0.115E+06  0.150E+08  0.973E-02  0.371E+01  0.328E-32  r  4.6
   50  0.718E+09  0.281E+06  0.221E-06  0.345E+27  0.118E+06  0.170E+08  0.107E-01  0.365E+01  0.663E-32  r  4.6
   51  0.717E+09  0.312E+06  0.249E-06  0.345E+27  0.121E+06  0.192E+08  0.118E-01  0.359E+01  0.131E-31  r  4.6
   52  0.717E+09  0.345E+06  0.279E-06  0.345E+27  0.125E+06  0.216E+08  0.129E-01  0.354E+01  0.253E-31  r  4.6
   53  0.716E+09  0.381E+06  0.312E-06  0.345E+27  0.128E+06  0.243E+08  0.142E-01  0.349E+01  0.478E-31  r  4.6
   54  0.715E+09  0.420E+06  0.348E-06  0.345E+27  0.131E+06  0.272E+08  0.155E-01  0.344E+01  0.889E-31  r  4.6
   55  0.714E+09  0.462E+06  0.387E-06  0.345E+27  0.134E+06  0.304E+08  0.169E-01  0.339E+01  0.162E-30  r  4.6
   56  0.714E+09  0.506E+06  0.430E-06  0.345E+27  0.137E+06  0.338E+08  0.184E-01  0.334E+01  0.291E-30  r  4.6
   57  0.713E+09  0.554E+06  0.476E-06  0.345E+27  0.141E+06  0.376E+08  0.199E-01  0.330E+01  0.515E-30  r  4.6
   58  0.712E+09  0.606E+06  0.527E-06  0.345E+27  0.144E+06  0.417E+08  0.216E-01  0.325E+01  0.895E-30  r  4.6
   59  0.711E+09  0.661E+06  0.581E-06  0.345E+27  0.147E+06  0.462E+08  0.234E-01  0.321E+01  0.153E-29  r  4.6
   60  0.711E+09  0.719E+06  0.639E-06  0.345E+27  0.150E+06  0.510E+08  0.253E-01  0.317E+01  0.259E-29  r  4.6
   61  0.710E+09  0.782E+06  0.703E-06  0.345E+27  0.153E+06  0.563E+08  0.273E-01  0.313E+01  0.433E-29  r  4.6
   62  0.709E+09  0.849E+06  0.771E-06  0.345E+27  0.157E+06  0.620E+08  0.295E-01  0.309E+01  0.713E-29  r  4.6
   63  0.708E+09  0.919E+06  0.844E-06  0.345E+27  0.160E+06  0.681E+08  0.317E-01  0.305E+01  0.116E-28  r  4.6
   64  0.708E+09  0.995E+06  0.922E-06  0.345E+27  0.163E+06  0.747E+08  0.341E-01  0.302E+01  0.187E-28  r  4.6
   65  0.707E+09  0.107E+07  0.101E-05  0.345E+27  0.166E+06  0.818E+08  0.366E-01  0.298E+01  0.297E-28  r  4.6
   66  0.706E+09  0.116E+07  0.110E-05  0.345E+27  0.170E+06  0.894E+08  0.393E-01  0.295E+01  0.467E-28  r  4.6
   67  0.705E+09  0.125E+07  0.119E-05  0.345E+27  0.173E+06  0.976E+08  0.420E-01  0.292E+01  0.728E-28  r  4.6
   68  0.705E+09  0.135E+07  0.130E-05  0.345E+27  0.176E+06  0.106E+09  0.450E-01  0.288E+01  0.112E-27  r  4.6
   69  0.704E+09  0.145E+07  0.141E-05  0.345E+27  0.180E+06  0.116E+09  0.481E-01  0.285E+01  0.172E-27  r  4.6
   70  0.703E+09  0.155E+07  0.152E-05  0.345E+27  0.183E+06  0.126E+09  0.513E-01  0.282E+01  0.260E-27  r  4.6
   71  0.702E+09  0.166E+07  0.165E-05  0.345E+27  0.186E+06  0.137E+09  0.547E-01  0.279E+01  0.391E-27  r  4.6
   72  0.702E+09  0.178E+07  0.178E-05  0.345E+27  0.189E+06  0.148E+09  0.583E-01  0.276E+01  0.582E-27  r  4.6
   73  0.701E+09  0.191E+07  0.192E-05  0.345E+27  0.193E+06  0.160E+09  0.620E-01  0.274E+01  0.860E-27  r  4.6
   74  0.700E+09  0.204E+07  0.207E-05  0.345E+27  0.196E+06  0.174E+09  0.660E-01  0.271E+01  0.126E-26  r  4.6
   75  0.699E+09  0.218E+07  0.223E-05  0.345E+27  0.199E+06  0.188E+09  0.701E-01  0.268E+01  0.184E-26  r  4.6
   76  0.698E+09  0.232E+07  0.240E-05  0.345E+27  0.203E+06  0.202E+09  0.744E-01  0.266E+01  0.265E-26  r  4.6
   77  0.698E+09  0.248E+07  0.257E-05  0.345E+27  0.206E+06  0.218E+09  0.789E-01  0.263E+01  0.381E-26  r  4.6
   78  0.697E+09  0.264E+07  0.276E-05  0.345E+27  0.209E+06  0.235E+09  0.836E-01  0.261E+01  0.543E-26  r  4.6
   79  0.696E+09  0.281E+07  0.296E-05  0.345E+27  0.213E+06  0.253E+09  0.885E-01  0.258E+01  0.768E-26  r  4.6
   80  0.695E+09  0.298E+07  0.317E-05  0.345E+27  0.216E+06  0.272E+09  0.937E-01  0.256E+01  0.108E-25  r  4.6
   81  0.695E+09  0.317E+07  0.339E-05  0.345E+27  0.220E+06  0.292E+09  0.990E-01  0.254E+01  0.151E-25  r  4.6
   82  0.694E+09  0.336E+07  0.363E-05  0.345E+27  0.223E+06  0.313E+09  0.105E+00  0.251E+01  0.210E-25  r  4.6
   83  0.693E+09  0.357E+07  0.387E-05  0.345E+27  0.226E+06  0.335E+09  0.110E+00  0.249E+01  0.291E-25  r  4.6
   84  0.692E+09  0.378E+07  0.413E-05  0.345E+27  0.230E+06  0.359E+09  0.117E+00  0.247E+01  0.400E-25  r  4.6
   85  0.692E+09  0.400E+07  0.440E-05  0.345E+27  0.233E+06  0.384E+09  0.123E+00  0.245E+01  0.547E-25  r  4.6
   86  0.691E+09  0.423E+07  0.469E-05  0.345E+27  0.237E+06  0.411E+09  0.129E+00  0.243E+01  0.745E-25  r  4.6
   87  0.690E+09  0.447E+07  0.499E-05  0.345E+27  0.240E+06  0.439E+09  0.136E+00  0.241E+01  0.101E-24  r  4.6
   88  0.689E+09  0.473E+07  0.531E-05  0.345E+27  0.243E+06  0.468E+09  0.143E+00  0.239E+01  0.136E-24  r  4.6
   89  0.689E+09  0.499E+07  0.564E-05  0.345E+27  0.247E+06  0.499E+09  0.151E+00  0.237E+01  0.182E-24  r  4.6
   90  0.688E+09  0.527E+07  0.599E-05  0.345E+27  0.250E+06  0.532E+09  0.158E+00  0.235E+01  0.243E-24  r  4.6
   91  0.687E+09  0.555E+07  0.636E-05  0.345E+27  0.254E+06  0.567E+09  0.166E+00  0.233E+01  0.323E-24  r  4.6
   92  0.686E+09  0.585E+07  0.674E-05  0.345E+27  0.257E+06  0.603E+09  0.175E+00  0.231E+01  0.428E-24  r  4.6
   93  0.686E+09  0.616E+07  0.714E-05  0.345E+27  0.261E+06  0.641E+09  0.183E+00  0.229E+01  0.564E-24  r  4.6
   94  0.685E+09  0.649E+07  0.756E-05  0.345E+27  0.264E+06  0.681E+09  0.192E+00  0.228E+01  0.740E-24  r  4.6
   95  0.684E+09  0.682E+07  0.800E-05  0.345E+27  0.268E+06  0.724E+09  0.202E+00  0.226E+01  0.968E-24  r  4.6
   96  0.683E+09  0.718E+07  0.846E-05  0.345E+27  0.271E+06  0.768E+09  0.211E+00  0.224E+01  0.126E-23  r  4.6
   97  0.683E+09  0.754E+07  0.894E-05  0.345E+27  0.275E+06  0.814E+09  0.221E+00  0.222E+01  0.164E-23  r  4.6
   98  0.682E+09  0.792E+07  0.944E-05  0.345E+27  0.278E+06  0.863E+09  0.231E+00  0.221E+01  0.211E-23  r  4.6
   99  0.681E+09  0.831E+07  0.996E-05  0.345E+27  0.282E+06  0.914E+09  0.242E+00  0.219E+01  0.272E-23  r  4.6
  100  0.680E+09  0.872E+07  0.105E-04  0.345E+27  0.285E+06  0.968E+09  0.253E+00  0.218E+01  0.350E-23  r  4.6
  101  0.680E+09  0.914E+07  0.111E-04  0.345E+27  0.289E+06  0.102E+10  0.264E+00  0.216E+01  0.447E-23  r  4.6
  102  0.679E+09  0.958E+07  0.117E-04  0.345E+27  0.292E+06  0.108E+10  0.276E+00  0.215E+01  0.570E-23  r  4.6
  103  0.678E+09  0.100E+08  0.123E-04  0.345E+27  0.296E+06  0.114E+10  0.289E+00  0.213E+01  0.725E-23  r  4.6
  104  0.677E+09  0.105E+08  0.129E-04  0.345E+27  0.299E+06  0.121E+10  0.301E+00  0.212E+01  0.918E-23  r  4.6
  105  0.677E+09  0.110E+08  0.136E-04  0.345E+27  0.303E+06  0.128E+10  0.314E+00  0.210E+01  0.116E-22  r  4.6
  106  0.676E+09  0.115E+08  0.143E-04  0.345E+27  0.307E+06  0.135E+10  0.328E+00  0.209E+01  0.146E-22  r  4.6
  107  0.675E+09  0.120E+08  0.150E-04  0.345E+27  0.310E+06  0.142E+10  0.342E+00  0.207E+01  0.183E-22  r  4.6
  108  0.674E+09  0.126E+08  0.158E-04  0.345E+27  0.314E+06  0.150E+10  0.356E+00  0.206E+01  0.230E-22  r  4.6
  109  0.674E+09  0.131E+08  0.166E-04  0.345E+27  0.317E+06  0.158E+10  0.371E+00  0.205E+01  0.287E-22  r  4.6
  110  0.673E+09  0.137E+08  0.174E-04  0.345E+27  0.321E+06  0.166E+10  0.386E+00  0.203E+01  0.357E-22  r  4.6
  111  0.672E+09  0.143E+08  0.182E-04  0.345E+27  0.325E+06  0.175E+10  0.402E+00  0.202E+01  0.444E-22  r  4.6
  112  0.671E+09  0.150E+08  0.191E-04  0.345E+27  0.328E+06  0.184E+10  0.418E+00  0.201E+01  0.550E-22  r  4.6
  113  0.671E+09  0.156E+08  0.200E-04  0.345E+27  0.332E+06  0.194E+10  0.435E+00  0.199E+01  0.679E-22  r  4.6
  114  0.670E+09  0.163E+08  0.210E-04  0.345E+27  0.335E+06  0.204E+10  0.452E+00  0.198E+01  0.837E-22  r  4.6
  115  0.669E+09  0.170E+08  0.220E-04  0.345E+27  0.339E+06  0.214E+10  0.470E+00  0.197E+01  0.103E-21  r  4.6
  116  0.668E+09  0.177E+08  0.230E-04  0.345E+27  0.343E+06  0.225E+10  0.489E+00  0.196E+01  0.126E-21  r  4.6
  117  0.668E+09  0.184E+08  0.240E-04  0.345E+27  0.346E+06  0.236E+10  0.508E+00  0.195E+01  0.155E-21  r  4.6
  118  0.667E+09  0.192E+08  0.251E-04  0.345E+27  0.350E+06  0.248E+10  0.527E+00  0.193E+01  0.189E-21  r  4.6
  119  0.666E+09  0.199E+08  0.263E-04  0.345E+27  0.354E+06  0.260E+10  0.547E+00  0.192E+01  0.230E-21  r  4.6
  120  0.665E+09  0.207E+08  0.275E-04  0.345E+27  0.357E+06  0.272E+10  0.568E+00  0.191E+01  0.280E-21  r  4.6
  121  0.665E+09  0.216E+08  0.287E-04  0.345E+27  0.361E+06  0.286E+10  0.590E+00  0.190E+01  0.339E-21  r  4.6
  122  0.664E+09  0.224E+08  0.299E-04  0.345E+27  0.365E+06  0.299E+10  0.612E+00  0.189E+01  0.411E-21  r  4.6
  123  0.663E+09  0.233E+08  0.312E-04  0.345E+27  0.369E+06  0.313E+10  0.634E+00  0.188E+01  0.496E-21  r  4.6
  124  0.662E+09  0.242E+08  0.326E-04  0.345E+27  0.372E+06  0.328E+10  0.657E+00  0.187E+01  0.599E-21  r  4.6
  125  0.661E+09  0.252E+08  0.340E-04  0.345E+27  0.376E+06  0.344E+10  0.681E+00  0.186E+01  0.720E-21  r  4.6
  126  0.661E+09  0.261E+08  0.354E-04  0.345E+27  0.380E+06  0.359E+10  0.706E+00  0.184E+01  0.865E-21  r  4.6
  127  0.660E+09  0.271E+08  0.369E-04  0.345E+27  0.384E+06  0.376E+10  0.731E+00  0.183E+01  0.104E-20  r  4.6
  128  0.659E+09  0.282E+08  0.385E-04  0.345E+27  0.387E+06  0.393E+10  0.757E+00  0.182E+01  0.124E-20  r  4.6
  129  0.658E+09  0.292E+08  0.400E-04  0.345E+27  0.391E+06  0.411E+10  0.784E+00  0.181E+01  0.148E-20  r  4.6
  130  0.658E+09  0.303E+08  0.417E-04  0.345E+27  0.395E+06  0.430E+10  0.811E+00  0.180E+01  0.177E-20  r  4.6
  131  0.657E+09  0.314E+08  0.434E-04  0.345E+27  0.399E+06  0.449E+10  0.840E+00  0.179E+01  0.211E-20  r  4.6
  132  0.656E+09  0.326E+08  0.451E-04  0.345E+27  0.402E+06  0.469E+10  0.868E+00  0.178E+01  0.250E-20  r  4.6
  133  0.655E+09  0.338E+08  0.469E-04  0.345E+27  0.406E+06  0.489E+10  0.898E+00  0.178E+01  0.297E-20  r  4.6
  134  0.655E+09  0.350E+08  0.488E-04  0.345E+27  0.410E+06  0.511E+10  0.929E+00  0.177E+01  0.352E-20  r  4.6
  135  0.654E+09  0.363E+08  0.507E-04  0.345E+27  0.414E+06  0.533E+10  0.960E+00  0.176E+01  0.416E-20  r  4.6
  136  0.653E+09  0.375E+08  0.527E-04  0.345E+27  0.418E+06  0.556E+10  0.992E+00  0.175E+01  0.491E-20  r  4.6
  137  0.652E+09  0.389E+08  0.548E-04  0.345E+27  0.422E+06  0.580E+10  0.103E+01  0.174E+01  0.579E-20  r  4.6
  138  0.652E+09  0.402E+08  0.569E-04  0.345E+27  0.425E+06  0.604E+10  0.106E+01  0.173E+01  0.681E-20  r  4.6
  139  0.651E+09  0.416E+08  0.591E-04  0.345E+27  0.429E+06  0.630E+10  0.109E+01  0.172E+01  0.800E-20  r  4.6
  140  0.650E+09  0.431E+08  0.613E-04  0.345E+27  0.433E+06  0.656E+10  0.113E+01  0.171E+01  0.939E-20  r  4.6
  141  0.649E+09  0.446E+08  0.636E-04  0.345E+27  0.437E+06  0.683E+10  0.117E+01  0.170E+01  0.110E-19  r  4.6
  142  0.649E+09  0.461E+08  0.660E-04  0.345E+27  0.441E+06  0.712E+10  0.120E+01  0.169E+01  0.129E-19  r  4.6
  143  0.648E+09  0.476E+08  0.684E-04  0.345E+27  0.445E+06  0.741E+10  0.124E+01  0.169E+01  0.150E-19  r  4.6
  144  0.647E+09  0.492E+08  0.709E-04  0.345E+27  0.449E+06  0.771E+10  0.128E+01  0.168E+01  0.176E-19  r  4.6
  145  0.646E+09  0.509E+08  0.735E-04  0.345E+27  0.453E+06  0.802E+10  0.132E+01  0.167E+01  0.205E-19  r  4.6
  146  0.646E+09  0.526E+08  0.762E-04  0.345E+27  0.457E+06  0.835E+10  0.136E+01  0.166E+01  0.238E-19  r  4.6
  147  0.645E+09  0.543E+08  0.789E-04  0.345E+27  0.460E+06  0.868E+10  0.141E+01  0.165E+01  0.277E-19  r  4.6
  148  0.644E+09  0.561E+08  0.818E-04  0.345E+27  0.464E+06  0.903E+10  0.145E+01  0.164E+01  0.321E-19  r  4.6
  149  0.643E+09  0.579E+08  0.847E-04  0.345E+27  0.468E+06  0.938E+10  0.149E+01  0.164E+01  0.373E-19  r  4.6
  150  0.643E+09  0.598E+08  0.877E-04  0.345E+27  0.472E+06  0.975E+10  0.154E+01  0.163E+01  0.431E-19  r  4.6
  151  0.642E+09  0.617E+08  0.907E-04  0.345E+27  0.476E+06  0.101E+11  0.159E+01  0.162E+01  0.499E-19  r  4.6
  152  0.641E+09  0.637E+08  0.939E-04  0.345E+27  0.480E+06  0.105E+11  0.163E+01  0.161E+01  0.576E-19  r  4.6
  153  0.640E+09  0.657E+08  0.971E-04  0.345E+27  0.484E+06  0.109E+11  0.168E+01  0.161E+01  0.665E-19  r  4.6
  154  0.640E+09  0.677E+08  0.100E-03  0.345E+27  0.488E+06  0.114E+11  0.173E+01  0.160E+01  0.766E-19  r  4.6
  155  0.639E+09  0.699E+08  0.104E-03  0.345E+27  0.492E+06  0.118E+11  0.179E+01  0.159E+01  0.882E-19  r  4.6
  156  0.638E+09  0.720E+08  0.107E-03  0.345E+27  0.496E+06  0.122E+11  0.184E+01  0.158E+01  0.101E-18  r  4.6
  157  0.637E+09  0.743E+08  0.111E-03  0.345E+27  0.500E+06  0.127E+11  0.189E+01  0.158E+01  0.116E-18  r  4.6
  158  0.637E+09  0.765E+08  0.115E-03  0.345E+27  0.504E+06  0.132E+11  0.195E+01  0.157E+01  0.134E-18  r  4.6
  159  0.636E+09  0.789E+08  0.119E-03  0.345E+27  0.508E+06  0.137E+11  0.200E+01  0.156E+01  0.153E-18  r  4.6
  160  0.635E+09  0.813E+08  0.122E-03  0.345E+27  0.512E+06  0.142E+11  0.206E+01  0.155E+01  0.175E-18  r  4.6
  161  0.634E+09  0.837E+08  0.126E-03  0.345E+27  0.517E+06  0.147E+11  0.212E+01  0.155E+01  0.201E-18  r  4.6
  162  0.634E+09  0.862E+08  0.131E-03  0.345E+27  0.521E+06  0.152E+11  0.218E+01  0.154E+01  0.229E-18  r  4.6
  163  0.633E+09  0.888E+08  0.135E-03  0.345E+27  0.525E+06  0.158E+11  0.224E+01  0.153E+01  0.262E-18  r  4.6
  164  0.632E+09  0.914E+08  0.139E-03  0.345E+27  0.529E+06  0.163E+11  0.231E+01  0.153E+01  0.298E-18  r  4.6
  165  0.631E+09  0.941E+08  0.144E-03  0.345E+27  0.533E+06  0.169E+11  0.237E+01  0.152E+01  0.340E-18  r  4.6
  166  0.631E+09  0.969E+08  0.148E-03  0.345E+27  0.537E+06  0.175E+11  0.244E+01  0.151E+01  0.387E-18  r  4.6
  167  0.630E+09  0.997E+08  0.153E-03  0.345E+27  0.541E+06  0.182E+11  0.250E+01  0.151E+01  0.439E-18  r  4.6
  168  0.629E+09  0.103E+09  0.158E-03  0.345E+27  0.545E+06  0.188E+11  0.257E+01  0.150E+01  0.499E-18  r  4.6
  169  0.628E+09  0.106E+09  0.162E-03  0.345E+27  0.549E+06  0.195E+11  0.264E+01  0.149E+01  0.566E-18  r  4.6
  170  0.628E+09  0.109E+09  0.167E-03  0.345E+27  0.554E+06  0.202E+11  0.272E+01  0.149E+01  0.642E-18  r  4.6
  171  0.627E+09  0.112E+09  0.173E-03  0.345E+27  0.558E+06  0.209E+11  0.279E+01  0.148E+01  0.728E-18  r  4.6
  172  0.626E+09  0.115E+09  0.178E-03  0.345E+27  0.562E+06  0.216E+11  0.287E+01  0.148E+01  0.823E-18  r  4.6
  173  0.625E+09  0.118E+09  0.183E-03  0.345E+27  0.566E+06  0.223E+11  0.294E+01  0.147E+01  0.931E-18  r  4.6
  174  0.624E+09  0.121E+09  0.189E-03  0.345E+27  0.570E+06  0.231E+11  0.302E+01  0.146E+01  0.105E-17  r  4.6
  175  0.624E+09  0.125E+09  0.195E-03  0.345E+27  0.575E+06  0.239E+11  0.310E+01  0.146E+01  0.119E-17  r  4.6
  176  0.623E+09  0.128E+09  0.200E-03  0.345E+27  0.579E+06  0.247E+11  0.318E+01  0.145E+01  0.134E-17  r  4.6
  177  0.622E+09  0.132E+09  0.206E-03  0.345E+27  0.583E+06  0.255E+11  0.327E+01  0.145E+01  0.151E-17  r  4.6
  178  0.621E+09  0.135E+09  0.212E-03  0.345E+27  0.587E+06  0.264E+11  0.335E+01  0.144E+01  0.170E-17  r  4.6
  179  0.621E+09  0.139E+09  0.219E-03  0.345E+27  0.591E+06  0.273E+11  0.344E+01  0.143E+01  0.191E-17  r  4.6
  180  0.620E+09  0.143E+09  0.225E-03  0.345E+27  0.596E+06  0.282E+11  0.353E+01  0.143E+01  0.215E-17  r  4.6
  181  0.619E+09  0.147E+09  0.232E-03  0.345E+27  0.600E+06  0.291E+11  0.362E+01  0.142E+01  0.242E-17  r  4.6
  182  0.618E+09  0.151E+09  0.238E-03  0.345E+27  0.604E+06  0.301E+11  0.371E+01  0.142E+01  0.271E-17  r  4.6
  183  0.618E+09  0.155E+09  0.245E-03  0.345E+27  0.609E+06  0.311E+11  0.381E+01  0.141E+01  0.304E-17  r  4.6
  184  0.617E+09  0.159E+09  0.252E-03  0.345E+27  0.613E+06  0.321E+11  0.391E+01  0.141E+01  0.341E-17  r  4.6
  185  0.616E+09  0.163E+09  0.259E-03  0.345E+27  0.617E+06  0.331E+11  0.400E+01  0.140E+01  0.382E-17  r  4.6
  186  0.615E+09  0.167E+09  0.267E-03  0.345E+27  0.622E+06  0.342E+11  0.411E+01  0.139E+01  0.428E-17  r  4.6
  187  0.615E+09  0.171E+09  0.274E-03  0.345E+27  0.626E+06  0.353E+11  0.421E+01  0.139E+01  0.478E-17  r  4.6
  188  0.614E+09  0.176E+09  0.282E-03  0.345E+27  0.630E+06  0.364E+11  0.431E+01  0.138E+01  0.534E-17  r  4.6
  189  0.613E+09  0.180E+09  0.289E-03  0.345E+27  0.635E+06  0.376E+11  0.442E+01  0.138E+01  0.597E-17  r  4.6
  190  0.612E+09  0.185E+09  0.297E-03  0.345E+27  0.639E+06  0.388E+11  0.453E+01  0.137E+01  0.666E-17  r  4.6
  191  0.612E+09  0.190E+09  0.306E-03  0.345E+27  0.643E+06  0.400E+11  0.464E+01  0.137E+01  0.743E-17  r  4.6
  192  0.611E+09  0.195E+09  0.314E-03  0.345E+27  0.648E+06  0.413E+11  0.476E+01  0.136E+01  0.828E-17  r  4.6
  193  0.610E+09  0.200E+09  0.323E-03  0.345E+27  0.652E+06  0.426E+11  0.487E+01  0.136E+01  0.923E-17  r  4.6
  194  0.609E+09  0.205E+09  0.331E-03  0.345E+27  0.657E+06  0.439E+11  0.499E+01  0.135E+01  0.103E-16  r  4.6
  195  0.609E+09  0.210E+09  0.340E-03  0.345E+27  0.661E+06  0.453E+11  0.511E+01  0.135E+01  0.114E-16  r  4.6
  196  0.608E+09  0.215E+09  0.349E-03  0.345E+27  0.665E+06  0.467E+11  0.524E+01  0.134E+01  0.127E-16  r  4.6
  197  0.607E+09  0.220E+09  0.359E-03  0.345E+27  0.670E+06  0.482E+11  0.536E+01  0.134E+01  0.141E-16  r  4.6
  198  0.606E+09  0.226E+09  0.368E-03  0.345E+27  0.674E+06  0.496E+11  0.549E+01  0.133E+01  0.157E-16  r  4.6
  199  0.606E+09  0.232E+09  0.378E-03  0.345E+27  0.679E+06  0.512E+11  0.562E+01  0.133E+01  0.174E-16  r  4.6
  200  0.605E+09  0.237E+09  0.388E-03  0.345E+27  0.683E+06  0.527E+11  0.576E+01  0.132E+01  0.193E-16  r  4.6
  201  0.604E+09  0.243E+09  0.398E-03  0.345E+27  0.688E+06  0.543E+11  0.589E+01  0.132E+01  0.214E-16  r  4.6
  202  0.603E+09  0.249E+09  0.408E-03  0.345E+27  0.692E+06  0.560E+11  0.603E+01  0.131E+01  0.237E-16  r  4.6
  203  0.603E+09  0.255E+09  0.419E-03  0.345E+27  0.697E+06  0.576E+11  0.617E+01  0.131E+01  0.262E-16  r  4.6
  204  0.602E+09  0.261E+09  0.430E-03  0.345E+27  0.701E+06  0.594E+11  0.632E+01  0.130E+01  0.290E-16  r  4.6
  205  0.601E+09  0.267E+09  0.441E-03  0.345E+27  0.706E+06  0.611E+11  0.646E+01  0.130E+01  0.320E-16  r  4.6
  206  0.600E+09  0.274E+09  0.452E-03  0.345E+27  0.710E+06  0.630E+11  0.661E+01  0.129E+01  0.354E-16  r  4.6
  207  0.600E+09  0.280E+09  0.463E-03  0.345E+27  0.715E+06  0.648E+11  0.676E+01  0.129E+01  0.391E-16  r  4.6
  208  0.599E+09  0.287E+09  0.475E-03  0.345E+27  0.720E+06  0.667E+11  0.692E+01  0.128E+01  0.432E-16  r  4.6
  209  0.598E+09  0.294E+09  0.487E-03  0.345E+27  0.724E+06  0.687E+11  0.708E+01  0.128E+01  0.476E-16  r  4.6
  210  0.597E+09  0.301E+09  0.499E-03  0.345E+27  0.729E+06  0.707E+11  0.724E+01  0.128E+01  0.525E-16  r  4.6
  211  0.597E+09  0.308E+09  0.511E-03  0.345E+27  0.733E+06  0.728E+11  0.740E+01  0.127E+01  0.579E-16  r  4.6
  212  0.596E+09  0.315E+09  0.524E-03  0.345E+27  0.738E+06  0.749E+11  0.757E+01  0.127E+01  0.638E-16  r  4.6
  213  0.595E+09  0.322E+09  0.537E-03  0.345E+27  0.743E+06  0.771E+11  0.774E+01  0.126E+01  0.702E-16  r  4.6
  214  0.594E+09  0.330E+09  0.550E-03  0.345E+27  0.747E+06  0.793E+11  0.792E+01  0.126E+01  0.772E-16  r  4.6
  215  0.594E+09  0.337E+09  0.564E-03  0.345E+27  0.752E+06  0.816E+11  0.809E+01  0.125E+01  0.849E-16  r  4.6
  216  0.593E+09  0.345E+09  0.577E-03  0.345E+27  0.757E+06  0.839E+11  0.827E+01  0.125E+01  0.934E-16  r  4.6
  217  0.592E+09  0.353E+09  0.591E-03  0.345E+27  0.761E+06  0.863E+11  0.846E+01  0.125E+01  0.103E-15  r  4.6
  218  0.591E+09  0.361E+09  0.606E-03  0.345E+27  0.766E+06  0.888E+11  0.865E+01  0.124E+01  0.113E-15  r  4.6
  219  0.591E+09  0.369E+09  0.620E-03  0.345E+27  0.771E+06  0.913E+11  0.884E+01  0.124E+01  0.124E-15  r  4.6
  220  0.590E+09  0.377E+09  0.635E-03  0.345E+27  0.775E+06  0.938E+11  0.903E+01  0.123E+01  0.136E-15  r  4.6
  221  0.589E+09  0.386E+09  0.650E-03  0.345E+27  0.780E+06  0.965E+11  0.923E+01  0.123E+01  0.149E-15  r  4.6
  222  0.588E+09  0.395E+09  0.665E-03  0.345E+27  0.785E+06  0.992E+11  0.943E+01  0.122E+01  0.163E-15  r  4.6
  223  0.587E+09  0.403E+09  0.681E-03  0.345E+27  0.790E+06  0.102E+12  0.963E+01  0.122E+01  0.179E-15  r  4.6
  224  0.587E+09  0.412E+09  0.697E-03  0.345E+27  0.794E+06  0.105E+12  0.984E+01  0.122E+01  0.196E-15  r  4.6
  225  0.586E+09  0.421E+09  0.713E-03  0.345E+27  0.799E+06  0.108E+12  0.101E+02  0.121E+01  0.214E-15  r  4.6
  226  0.585E+09  0.431E+09  0.730E-03  0.345E+27  0.804E+06  0.111E+12  0.103E+02  0.121E+01  0.234E-15  r  4.6
  227  0.584E+09  0.440E+09  0.747E-03  0.345E+27  0.809E+06  0.114E+12  0.105E+02  0.120E+01  0.256E-15  r  4.6
  228  0.584E+09  0.450E+09  0.764E-03  0.345E+27  0.814E+06  0.117E+12  0.107E+02  0.120E+01  0.280E-15  r  4.6
  229  0.583E+09  0.460E+09  0.781E-03  0.345E+27  0.818E+06  0.120E+12  0.109E+02  0.120E+01  0.306E-15  r  4.6
  230  0.582E+09  0.470E+09  0.799E-03  0.345E+27  0.823E+06  0.123E+12  0.112E+02  0.119E+01  0.334E-15  r  4.6
  231  0.581E+09  0.480E+09  0.818E-03  0.345E+27  0.828E+06  0.127E+12  0.114E+02  0.119E+01  0.365E-15  r  4.6
  232  0.581E+09  0.490E+09  0.836E-03  0.345E+27  0.833E+06  0.130E+12  0.117E+02  0.118E+01  0.398E-15  r  4.6
  233  0.580E+09  0.501E+09  0.855E-03  0.345E+27  0.838E+06  0.134E+12  0.119E+02  0.118E+01  0.434E-15  r  4.6
  234  0.579E+09  0.511E+09  0.874E-03  0.345E+27  0.843E+06  0.137E+12  0.121E+02  0.118E+01  0.473E-15  r  4.6
  235  0.578E+09  0.522E+09  0.894E-03  0.345E+27  0.848E+06  0.141E+12  0.124E+02  0.117E+01  0.516E-15  r  4.6
  236  0.578E+09  0.533E+09  0.914E-03  0.345E+27  0.853E+06  0.145E+12  0.127E+02  0.117E+01  0.562E-15  r  4.6
  237  0.577E+09  0.544E+09  0.934E-03  0.345E+27  0.858E+06  0.148E+12  0.129E+02  0.117E+01  0.612E-15  r  4.6
  238  0.576E+09  0.556E+09  0.955E-03  0.345E+27  0.862E+06  0.152E+12  0.132E+02  0.116E+01  0.666E-15  r  4.6
  239  0.575E+09  0.568E+09  0.976E-03  0.345E+27  0.867E+06  0.156E+12  0.135E+02  0.116E+01  0.725E-15  r  4.6
  240  0.575E+09  0.580E+09  0.997E-03  0.345E+27  0.872E+06  0.161E+12  0.137E+02  0.115E+01  0.788E-15  r  4.6
  241  0.574E+09  0.592E+09  0.102E-02  0.345E+27  0.877E+06  0.165E+12  0.140E+02  0.115E+01  0.857E-15  r  4.6
  242  0.573E+09  0.604E+09  0.104E-02  0.345E+27  0.882E+06  0.169E+12  0.143E+02  0.115E+01  0.932E-15  r  4.6
  243  0.572E+09  0.616E+09  0.106E-02  0.345E+27  0.887E+06  0.174E+12  0.146E+02  0.114E+01  0.101E-14  r  4.6
  244  0.572E+09  0.629E+09  0.109E-02  0.345E+27  0.892E+06  0.178E+12  0.149E+02  0.114E+01  0.110E-14  r  4.6
  245  0.571E+09  0.642E+09  0.111E-02  0.345E+27  0.897E+06  0.183E+12  0.152E+02  0.114E+01  0.119E-14  r  4.6
  246  0.570E+09  0.655E+09  0.113E-02  0.345E+27  0.903E+06  0.187E+12  0.155E+02  0.113E+01  0.130E-14  r  4.6
  247  0.569E+09  0.669E+09  0.116E-02  0.345E+27  0.908E+06  0.192E+12  0.158E+02  0.113E+01  0.140E-14  r  4.6
  248  0.569E+09  0.682E+09  0.118E-02  0.345E+27  0.913E+06  0.197E+12  0.161E+02  0.113E+01  0.152E-14  r  4.6
  249  0.568E+09  0.696E+09  0.121E-02  0.345E+27  0.918E+06  0.202E+12  0.164E+02  0.112E+01  0.165E-14  r  4.6
  250  0.567E+09  0.710E+09  0.123E-02  0.345E+27  0.923E+06  0.207E+12  0.168E+02  0.112E+01  0.179E-14  r  4.6
  251  0.566E+09  0.724E+09  0.126E-02  0.345E+27  0.928E+06  0.213E+12  0.171E+02  0.112E+01  0.194E-14  r  4.6
  252  0.566E+09  0.739E+09  0.128E-02  0.345E+27  0.933E+06  0.218E+12  0.174E+02  0.111E+01  0.210E-14  r  4.6
  253  0.565E+09  0.754E+09  0.131E-02  0.345E+27  0.938E+06  0.224E+12  0.178E+02  0.111E+01  0.227E-14  r  4.6
  254  0.564E+09  0.769E+09  0.134E-02  0.345E+27  0.943E+06  0.229E+12  0.181E+02  0.111E+01  0.246E-14  r  4.6
  255  0.563E+09  0.784E+09  0.137E-02  0.345E+27  0.949E+06  0.235E+12  0.185E+02  0.110E+01  0.266E-14  r  4.6
  256  0.563E+09  0.800E+09  0.139E-02  0.345E+27  0.954E+06  0.241E+12  0.189E+02  0.110E+01  0.288E-14  r  4.6
  257  0.562E+09  0.815E+09  0.142E-02  0.345E+27  0.959E+06  0.247E+12  0.192E+02  0.110E+01  0.311E-14  r  4.6
  258  0.561E+09  0.831E+09  0.145E-02  0.345E+27  0.964E+06  0.253E+12  0.196E+02  0.109E+01  0.336E-14  r  4.6
  259  0.560E+09  0.848E+09  0.148E-02  0.345E+27  0.969E+06  0.260E+12  0.200E+02  0.109E+01  0.363E-14  r  4.6
  260  0.560E+09  0.864E+09  0.151E-02  0.345E+27  0.975E+06  0.266E+12  0.204E+02  0.109E+01  0.392E-14  r  4.6
  261  0.559E+09  0.881E+09  0.154E-02  0.345E+27  0.980E+06  0.273E+12  0.208E+02  0.108E+01  0.424E-14  r  4.6
  262  0.558E+09  0.898E+09  0.157E-02  0.345E+27  0.985E+06  0.279E+12  0.212E+02  0.108E+01  0.457E-14  r  4.6
  263  0.557E+09  0.916E+09  0.161E-02  0.345E+27  0.991E+06  0.286E+12  0.216E+02  0.108E+01  0.494E-14  r  4.6
  264  0.557E+09  0.933E+09  0.164E-02  0.345E+27  0.996E+06  0.293E+12  0.220E+02  0.107E+01  0.532E-14  r  4.5
  265  0.556E+09  0.951E+09  0.167E-02  0.345E+27  0.100E+07  0.301E+12  0.224E+02  0.107E+01  0.574E-14  r  4.5
  266  0.555E+09  0.970E+09  0.170E-02  0.345E+27  0.101E+07  0.308E+12  0.228E+02  0.107E+01  0.619E-14  r  4.5
  267  0.554E+09  0.988E+09  0.174E-02  0.345E+27  0.101E+07  0.315E+12  0.233E+02  0.106E+01  0.667E-14  r  4.5
  268  0.554E+09  0.101E+10  0.177E-02  0.345E+27  0.102E+07  0.323E+12  0.237E+02  0.106E+01  0.719E-14  r  4.5
  269  0.553E+09  0.103E+10  0.181E-02  0.345E+27  0.102E+07  0.331E+12  0.242E+02  0.106E+01  0.774E-14  r  4.5
  270  0.552E+09  0.105E+10  0.184E-02  0.345E+27  0.103E+07  0.339E+12  0.246E+02  0.106E+01  0.834E-14  r  4.5
  271  0.551E+09  0.107E+10  0.188E-02  0.345E+27  0.103E+07  0.347E+12  0.251E+02  0.105E+01  0.898E-14  r  4.5
  272  0.550E+09  0.109E+10  0.191E-02  0.345E+27  0.104E+07  0.356E+12  0.255E+02  0.105E+01  0.966E-14  r  4.5
  273  0.550E+09  0.111E+10  0.195E-02  0.345E+27  0.104E+07  0.364E+12  0.260E+02  0.105E+01  0.104E-13  r  4.5
  274  0.549E+09  0.113E+10  0.199E-02  0.345E+27  0.105E+07  0.373E+12  0.265E+02  0.104E+01  0.112E-13  r  4.5
  275  0.548E+09  0.115E+10  0.203E-02  0.345E+27  0.106E+07  0.382E+12  0.270E+02  0.104E+01  0.120E-13  r  4.5
  276  0.547E+09  0.117E+10  0.207E-02  0.345E+27  0.106E+07  0.391E+12  0.275E+02  0.104E+01  0.129E-13  r  4.5
  277  0.547E+09  0.119E+10  0.211E-02  0.345E+27  0.107E+07  0.400E+12  0.280E+02  0.103E+01  0.139E-13  r  4.5
  278  0.546E+09  0.121E+10  0.215E-02  0.345E+27  0.107E+07  0.410E+12  0.285E+02  0.103E+01  0.149E-13  r  4.5
  279  0.545E+09  0.124E+10  0.219E-02  0.345E+27  0.108E+07  0.419E+12  0.291E+02  0.103E+01  0.160E-13  r  4.5
  280  0.544E+09  0.126E+10  0.223E-02  0.345E+27  0.108E+07  0.429E+12  0.296E+02  0.103E+01  0.172E-13  r  4.5
  281  0.544E+09  0.128E+10  0.227E-02  0.345E+27  0.109E+07  0.439E+12  0.301E+02  0.102E+01  0.185E-13  r  4.5
  282  0.543E+09  0.130E+10  0.231E-02  0.345E+27  0.109E+07  0.450E+12  0.307E+02  0.102E+01  0.198E-13  r  4.5
  283  0.542E+09  0.133E+10  0.236E-02  0.345E+27  0.110E+07  0.460E+12  0.312E+02  0.102E+01  0.213E-13  r  4.5
  284  0.541E+09  0.135E+10  0.240E-02  0.345E+27  0.111E+07  0.471E+12  0.318E+02  0.101E+01  0.228E-13  r  4.5
  285  0.541E+09  0.138E+10  0.244E-02  0.345E+27  0.111E+07  0.482E+12  0.324E+02  0.101E+01  0.245E-13  r  4.5
  286  0.540E+09  0.140E+10  0.249E-02  0.345E+27  0.112E+07  0.493E+12  0.330E+02  0.101E+01  0.262E-13  r  4.5
  287  0.539E+09  0.143E+10  0.254E-02  0.345E+27  0.112E+07  0.505E+12  0.336E+02  0.101E+01  0.281E-13  r  4.5
  288  0.538E+09  0.145E+10  0.258E-02  0.345E+27  0.113E+07  0.516E+12  0.342E+02  0.100E+01  0.301E-13  r  4.5
  289  0.538E+09  0.148E+10  0.263E-02  0.345E+27  0.113E+07  0.528E+12  0.348E+02  0.100E+01  0.323E-13  r  4.5
  290  0.537E+09  0.151E+10  0.268E-02  0.345E+27  0.114E+07  0.540E+12  0.354E+02  0.998E+00  0.346E-13  r  4.5
  291  0.536E+09  0.153E+10  0.273E-02  0.345E+27  0.114E+07  0.553E+12  0.360E+02  0.995E+00  0.370E-13  r  4.5
  292  0.535E+09  0.156E+10  0.278E-02  0.345E+27  0.115E+07  0.566E+12  0.367E+02  0.993E+00  0.397E-13  r  4.5
  293  0.535E+09  0.159E+10  0.283E-02  0.345E+27  0.116E+07  0.579E+12  0.373E+02  0.990E+00  0.425E-13  r  4.5
  294  0.534E+09  0.162E+10  0.288E-02  0.345E+27  0.116E+07  0.592E+12  0.380E+02  0.987E+00  0.454E-13  r  4.5
  295  0.533E+09  0.164E+10  0.293E-02  0.345E+27  0.117E+07  0.605E+12  0.387E+02  0.985E+00  0.486E-13  r  4.5
  296  0.532E+09  0.167E+10  0.298E-02  0.345E+27  0.117E+07  0.619E+12  0.394E+02  0.982E+00  0.520E-13  r  4.5
  297  0.532E+09  0.170E+10  0.304E-02  0.345E+27  0.118E+07  0.633E+12  0.401E+02  0.979E+00  0.556E-13  r  4.5
  298  0.531E+09  0.173E+10  0.309E-02  0.345E+27  0.119E+07  0.648E+12  0.408E+02  0.977E+00  0.594E-13  r  4.5
  299  0.530E+09  0.176E+10  0.315E-02  0.345E+27  0.119E+07  0.662E+12  0.415E+02  0.974E+00  0.635E-13  r  4.5
  300  0.529E+09  0.179E+10  0.320E-02  0.345E+27  0.120E+07  0.677E+12  0.422E+02  0.972E+00  0.679E-13  r  4.5
  301  0.529E+09  0.182E+10  0.326E-02  0.345E+27  0.120E+07  0.692E+12  0.430E+02  0.969E+00  0.725E-13  r  4.5
  302  0.528E+09  0.186E+10  0.332E-02  0.345E+27  0.121E+07  0.708E+12  0.437E+02  0.966E+00  0.775E-13  r  4.5
  303  0.527E+09  0.189E+10  0.337E-02  0.345E+27  0.121E+07  0.724E+12  0.445E+02  0.964E+00  0.827E-13  r  4.5
  304  0.526E+09  0.192E+10  0.343E-02  0.345E+27  0.122E+07  0.740E+12  0.452E+02  0.961E+00  0.883E-13  r  4.5
  305  0.526E+09  0.195E+10  0.349E-02  0.345E+27  0.123E+07  0.757E+12  0.460E+02  0.959E+00  0.943E-13  r  4.5
  306  0.525E+09  0.199E+10  0.355E-02  0.345E+27  0.123E+07  0.773E+12  0.468E+02  0.956E+00  0.101E-12  r  4.5
  307  0.524E+09  0.202E+10  0.362E-02  0.345E+27  0.124E+07  0.791E+12  0.476E+02  0.954E+00  0.107E-12  r  4.5
  308  0.523E+09  0.206E+10  0.368E-02  0.345E+27  0.124E+07  0.808E+12  0.485E+02  0.951E+00  0.115E-12  r  4.5
  309  0.523E+09  0.209E+10  0.374E-02  0.345E+27  0.125E+07  0.826E+12  0.493E+02  0.949E+00  0.122E-12  r  4.5
  310  0.522E+09  0.213E+10  0.381E-02  0.345E+27  0.126E+07  0.844E+12  0.501E+02  0.946E+00  0.130E-12  r  4.5
  311  0.521E+09  0.216E+10  0.387E-02  0.345E+27  0.126E+07  0.863E+12  0.510E+02  0.944E+00  0.139E-12  r  4.5
  312  0.520E+09  0.220E+10  0.394E-02  0.345E+27  0.127E+07  0.882E+12  0.519E+02  0.941E+00  0.148E-12  r  4.5
  313  0.520E+09  0.224E+10  0.401E-02  0.345E+27  0.127E+07  0.901E+12  0.528E+02  0.939E+00  0.158E-12  r  4.5
  314  0.519E+09  0.227E+10  0.407E-02  0.345E+27  0.128E+07  0.921E+12  0.537E+02  0.937E+00  0.168E-12  r  4.5
  315  0.518E+09  0.231E+10  0.414E-02  0.345E+27  0.129E+07  0.941E+12  0.546E+02  0.934E+00  0.179E-12  r  4.5
  316  0.517E+09  0.235E+10  0.421E-02  0.345E+27  0.129E+07  0.962E+12  0.555E+02  0.932E+00  0.191E-12  r  4.5
  317  0.517E+09  0.239E+10  0.429E-02  0.345E+27  0.130E+07  0.983E+12  0.564E+02  0.929E+00  0.203E-12  r  4.5
  318  0.516E+09  0.243E+10  0.436E-02  0.345E+27  0.131E+07  0.100E+13  0.574E+02  0.927E+00  0.216E-12  r  4.5
  319  0.515E+09  0.247E+10  0.443E-02  0.345E+27  0.131E+07  0.103E+13  0.584E+02  0.925E+00  0.230E-12  r  4.5
  320  0.514E+09  0.251E+10  0.450E-02  0.345E+27  0.132E+07  0.105E+13  0.594E+02  0.922E+00  0.245E-12  r  4.5
  321  0.513E+09  0.255E+10  0.458E-02  0.345E+27  0.132E+07  0.107E+13  0.604E+02  0.920E+00  0.261E-12  r  4.5
  322  0.513E+09  0.260E+10  0.466E-02  0.345E+27  0.133E+07  0.109E+13  0.614E+02  0.918E+00  0.277E-12  r  4.5
  323  0.512E+09  0.264E+10  0.473E-02  0.345E+27  0.134E+07  0.112E+13  0.624E+02  0.915E+00  0.295E-12  r  4.5
  324  0.511E+09  0.268E+10  0.481E-02  0.345E+27  0.134E+07  0.114E+13  0.634E+02  0.913E+00  0.314E-12  r  4.5
  325  0.510E+09  0.273E+10  0.489E-02  0.345E+27  0.135E+07  0.117E+13  0.645E+02  0.911E+00  0.333E-12  r  4.5
  326  0.510E+09  0.277E+10  0.497E-02  0.345E+27  0.136E+07  0.119E+13  0.656E+02  0.908E+00  0.355E-12  r  4.5
  327  0.509E+09  0.282E+10  0.505E-02  0.345E+27  0.136E+07  0.122E+13  0.667E+02  0.906E+00  0.377E-12  r  4.5
  328  0.508E+09  0.286E+10  0.514E-02  0.345E+27  0.137E+07  0.124E+13  0.678E+02  0.904E+00  0.400E-12  r  4.5
  329  0.507E+09  0.291E+10  0.522E-02  0.345E+27  0.137E+07  0.127E+13  0.689E+02  0.902E+00  0.425E-12  r  4.5
  330  0.507E+09  0.296E+10  0.530E-02  0.345E+27  0.138E+07  0.130E+13  0.700E+02  0.899E+00  0.452E-12  r  4.5
  331  0.506E+09  0.300E+10  0.539E-02  0.345E+27  0.139E+07  0.132E+13  0.712E+02  0.897E+00  0.480E-12  r  4.5
  332  0.505E+09  0.305E+10  0.548E-02  0.345E+27  0.139E+07  0.135E+13  0.724E+02  0.895E+00  0.510E-12  r  4.5
  333  0.504E+09  0.310E+10  0.557E-02  0.345E+27  0.140E+07  0.138E+13  0.736E+02  0.893E+00  0.541E-12  r  4.5
  334  0.504E+09  0.315E+10  0.566E-02  0.345E+27  0.141E+07  0.141E+13  0.748E+02  0.890E+00  0.575E-12  r  4.5
  335  0.503E+09  0.320E+10  0.575E-02  0.345E+27  0.141E+07  0.144E+13  0.760E+02  0.888E+00  0.610E-12  r  4.5
  336  0.502E+09  0.325E+10  0.584E-02  0.345E+27  0.142E+07  0.147E+13  0.772E+02  0.886E+00  0.647E-12  r  4.5
  337  0.501E+09  0.331E+10  0.593E-02  0.345E+27  0.143E+07  0.150E+13  0.785E+02  0.884E+00  0.687E-12  r  4.5
  338  0.501E+09  0.336E+10  0.603E-02  0.345E+27  0.143E+07  0.153E+13  0.798E+02  0.882E+00  0.728E-12  r  4.5
  339  0.500E+09  0.341E+10  0.612E-02  0.345E+27  0.144E+07  0.156E+13  0.811E+02  0.880E+00  0.773E-12  r  4.5
  340  0.499E+09  0.347E+10  0.622E-02  0.345E+27  0.145E+07  0.160E+13  0.824E+02  0.877E+00  0.819E-12  r  4.5
  341  0.498E+09  0.352E+10  0.632E-02  0.345E+27  0.145E+07  0.163E+13  0.837E+02  0.875E+00  0.869E-12  r  4.5
  342  0.498E+09  0.358E+10  0.642E-02  0.345E+27  0.146E+07  0.166E+13  0.851E+02  0.873E+00  0.921E-12  r  4.5
  343  0.497E+09  0.363E+10  0.652E-02  0.345E+27  0.147E+07  0.170E+13  0.865E+02  0.871E+00  0.976E-12  r  4.5
  344  0.496E+09  0.369E+10  0.662E-02  0.345E+27  0.147E+07  0.173E+13  0.879E+02  0.869E+00  0.103E-11  r  4.5
  345  0.495E+09  0.375E+10  0.672E-02  0.345E+27  0.148E+07  0.177E+13  0.893E+02  0.867E+00  0.110E-11  r  4.5
  346  0.495E+09  0.381E+10  0.683E-02  0.345E+27  0.149E+07  0.181E+13  0.907E+02  0.865E+00  0.116E-11  r  4.5
  347  0.494E+09  0.387E+10  0.693E-02  0.345E+27  0.149E+07  0.184E+13  0.922E+02  0.863E+00  0.123E-11  r  4.5
  348  0.493E+09  0.393E+10  0.704E-02  0.345E+27  0.150E+07  0.188E+13  0.937E+02  0.861E+00  0.130E-11  r  4.5
  349  0.492E+09  0.399E+10  0.715E-02  0.345E+27  0.151E+07  0.192E+13  0.952E+02  0.858E+00  0.138E-11  r  4.5
  350  0.492E+09  0.405E+10  0.726E-02  0.345E+27  0.151E+07  0.196E+13  0.967E+02  0.856E+00  0.146E-11  r  4.5
  351  0.491E+09  0.411E+10  0.737E-02  0.345E+27  0.152E+07  0.200E+13  0.983E+02  0.854E+00  0.155E-11  r  4.5
  352  0.490E+09  0.418E+10  0.749E-02  0.345E+27  0.153E+07  0.204E+13  0.998E+02  0.852E+00  0.164E-11  r  4.5
  353  0.489E+09  0.424E+10  0.760E-02  0.345E+27  0.153E+07  0.208E+13  0.101E+03  0.850E+00  0.173E-11  r  4.5
  354  0.489E+09  0.431E+10  0.772E-02  0.345E+27  0.154E+07  0.213E+13  0.103E+03  0.848E+00  0.183E-11  r  4.5
  355  0.488E+09  0.437E+10  0.784E-02  0.345E+27  0.155E+07  0.217E+13  0.105E+03  0.846E+00  0.194E-11  r  4.5
  356  0.487E+09  0.444E+10  0.796E-02  0.345E+27  0.155E+07  0.221E+13  0.106E+03  0.844E+00  0.205E-11  r  4.5
  357  0.486E+09  0.451E+10  0.808E-02  0.345E+27  0.156E+07  0.226E+13  0.108E+03  0.842E+00  0.217E-11  r  4.5
  358  0.486E+09  0.458E+10  0.820E-02  0.345E+27  0.157E+07  0.231E+13  0.110E+03  0.840E+00  0.230E-11  r  4.5
  359  0.485E+09  0.465E+10  0.832E-02  0.345E+27  0.158E+07  0.235E+13  0.111E+03  0.838E+00  0.243E-11  r  4.5
  360  0.484E+09  0.472E+10  0.845E-02  0.345E+27  0.158E+07  0.240E+13  0.113E+03  0.836E+00  0.257E-11  r  4.5
  361  0.483E+09  0.479E+10  0.857E-02  0.345E+27  0.159E+07  0.245E+13  0.115E+03  0.834E+00  0.271E-11  r  4.5
  362  0.483E+09  0.487E+10  0.870E-02  0.345E+27  0.160E+07  0.250E+13  0.117E+03  0.832E+00  0.287E-11  r  4.5
  363  0.482E+09  0.494E+10  0.883E-02  0.345E+27  0.160E+07  0.255E+13  0.119E+03  0.830E+00  0.303E-11  r  4.5
  364  0.481E+09  0.501E+10  0.896E-02  0.345E+27  0.161E+07  0.260E+13  0.120E+03  0.828E+00  0.320E-11  r  4.5
  365  0.480E+09  0.509E+10  0.910E-02  0.345E+27  0.162E+07  0.265E+13  0.122E+03  0.826E+00  0.339E-11  r  4.5
  366  0.480E+09  0.517E+10  0.923E-02  0.345E+27  0.162E+07  0.271E+13  0.124E+03  0.824E+00  0.358E-11  r  4.5
  367  0.479E+09  0.524E+10  0.937E-02  0.345E+27  0.163E+07  0.276E+13  0.126E+03  0.822E+00  0.378E-11  r  4.5
  368  0.478E+09  0.532E+10  0.951E-02  0.345E+27  0.164E+07  0.282E+13  0.128E+03  0.821E+00  0.399E-11  r  4.5
  369  0.477E+09  0.540E+10  0.965E-02  0.345E+27  0.165E+07  0.287E+13  0.130E+03  0.819E+00  0.421E-11  r  4.5
  370  0.476E+09  0.548E+10  0.979E-02  0.345E+27  0.165E+07  0.293E+13  0.132E+03  0.817E+00  0.445E-11  r  4.5
  371  0.476E+09  0.557E+10  0.993E-02  0.345E+27  0.166E+07  0.299E+13  0.134E+03  0.815E+00  0.470E-11  r  4.5
  372  0.475E+09  0.565E+10  0.101E-01  0.345E+27  0.167E+07  0.305E+13  0.136E+03  0.813E+00  0.496E-11  r  4.5
  373  0.467E+09  0.655E+10  0.116E-01  0.345E+27  0.174E+07  0.373E+13  0.160E+03  0.793E+00  0.861E-11  r  4.5
  374  0.460E+09  0.757E+10  0.133E-01  0.345E+27  0.182E+07  0.455E+13  0.186E+03  0.775E+00  0.147E-10  r  4.5
  375  0.452E+09  0.873E+10  0.152E-01  0.345E+27  0.190E+07  0.554E+13  0.217E+03  0.757E+00  0.248E-10  r  4.5
  376  0.445E+09  0.101E+11  0.174E-01  0.345E+27  0.199E+07  0.672E+13  0.252E+03  0.740E+00  0.414E-10  r  4.5
  377  0.437E+09  0.116E+11  0.199E-01  0.345E+27  0.207E+07  0.815E+13  0.293E+03  0.723E+00  0.684E-10  r  4.5
  378  0.430E+09  0.133E+11  0.226E-01  0.345E+27  0.216E+07  0.986E+13  0.340E+03  0.707E+00  0.112E-09  r  4.5
  379  0.422E+09  0.152E+11  0.256E-01  0.345E+27  0.226E+07  0.119E+14  0.394E+03  0.691E+00  0.182E-09  r  4.5
  380  0.415E+09  0.174E+11  0.291E-01  0.345E+27  0.235E+07  0.144E+14  0.455E+03  0.676E+00  0.292E-09  r  4.5
  381  0.407E+09  0.199E+11  0.329E-01  0.345E+27  0.245E+07  0.173E+14  0.526E+03  0.661E+00  0.465E-09  r  4.4
  382  0.399E+09  0.227E+11  0.371E-01  0.345E+27  0.256E+07  0.208E+14  0.607E+03  0.647E+00  0.735E-09  r  4.4
  383  0.392E+09  0.258E+11  0.418E-01  0.345E+27  0.266E+07  0.250E+14  0.699E+03  0.633E+00  0.115E-08  r  4.4
  384  0.384E+09  0.294E+11  0.469E-01  0.345E+27  0.277E+07  0.299E+14  0.805E+03  0.619E+00  0.180E-08  r  4.4
  385  0.377E+09  0.334E+11  0.527E-01  0.345E+27  0.289E+07  0.358E+14  0.926E+03  0.606E+00  0.278E-08  r  4.4
  386  0.369E+09  0.379E+11  0.590E-01  0.345E+27  0.301E+07  0.429E+14  0.106E+04  0.592E+00  0.428E-08  r  4.4
  387  0.362E+09  0.429E+11  0.660E-01  0.345E+27  0.313E+07  0.512E+14  0.122E+04  0.579E+00  0.654E-08  r  4.4
  388  0.354E+09  0.486E+11  0.736E-01  0.345E+27  0.326E+07  0.612E+14  0.140E+04  0.566E+00  0.994E-08  r  4.4
  389  0.347E+09  0.549E+11  0.821E-01  0.345E+27  0.339E+07  0.730E+14  0.161E+04  0.554E+00  0.150E-07  r  4.4
  390  0.339E+09  0.621E+11  0.913E-01  0.345E+27  0.353E+07  0.870E+14  0.184E+04  0.541E+00  0.226E-07  r  4.4
  391  0.331E+09  0.700E+11  0.101E+00  0.345E+27  0.368E+07  0.104E+15  0.210E+04  0.529E+00  0.338E-07  r  4.4
  392  0.324E+09  0.789E+11  0.112E+00  0.345E+27  0.383E+07  0.123E+15  0.241E+04  0.517E+00  0.503E-07  r  4.3
  393  0.316E+09  0.889E+11  0.124E+00  0.345E+27  0.398E+07  0.147E+15  0.275E+04  0.505E+00  0.744E-07  r  4.3
  394  0.309E+09  0.100E+12  0.137E+00  0.345E+27  0.414E+07  0.174E+15  0.314E+04  0.493E+00  0.110E-06  r  4.3
  395  0.301E+09  0.112E+12  0.152E+00  0.345E+27  0.431E+07  0.207E+15  0.358E+04  0.481E+00  0.161E-06  r  4.3
  396  0.294E+09  0.126E+12  0.167E+00  0.345E+27  0.449E+07  0.245E+15  0.408E+04  0.470E+00  0.235E-06  r  4.3
  397  0.286E+09  0.141E+12  0.183E+00  0.345E+27  0.467E+07  0.290E+15  0.464E+04  0.458E+00  0.341E-06  r  4.2
  398  0.279E+09  0.158E+12  0.201E+00  0.345E+27  0.486E+07  0.343E+15  0.528E+04  0.446E+00  0.493E-06  r  4.2
  399  0.271E+09  0.177E+12  0.220E+00  0.345E+27  0.505E+07  0.406E+15  0.599E+04  0.435E+00  0.709E-06  r  4.2
  400  0.264E+09  0.198E+12  0.241E+00  0.345E+27  0.525E+07  0.479E+15  0.680E+04  0.423E+00  0.102E-05  r  4.2
  401  0.256E+09  0.220E+12  0.263E+00  0.345E+27  0.547E+07  0.564E+15  0.770E+04  0.411E+00  0.145E-05  r  4.1
  402  0.248E+09  0.246E+12  0.286E+00  0.345E+27  0.569E+07  0.664E+15  0.871E+04  0.400E+00  0.205E-05  r  4.1
  403  0.241E+09  0.273E+12  0.311E+00  0.345E+27  0.591E+07  0.780E+15  0.984E+04  0.388E+00  0.289E-05  r  4.1
  404  0.233E+09  0.303E+12  0.337E+00  0.345E+27  0.615E+07  0.914E+15  0.111E+05  0.377E+00  0.405E-05  r  4.0
  405  0.226E+09  0.336E+12  0.365E+00  0.345E+27  0.640E+07  0.107E+16  0.125E+05  0.365E+00  0.565E-05  r  4.0
  406  0.218E+09  0.372E+12  0.394E+00  0.344E+27  0.665E+07  0.125E+16  0.140E+05  0.353E+00  0.783E-05  r  3.9
  407  0.211E+09  0.411E+12  0.424E+00  0.344E+27  0.692E+07  0.145E+16  0.157E+05  0.342E+00  0.108E-04  r  3.9
  408  0.203E+09  0.453E+12  0.456E+00  0.343E+27  0.719E+07  0.169E+16  0.175E+05  0.330E+00  0.148E-04  r  3.8
  409  0.196E+09  0.499E+12  0.488E+00  0.342E+27  0.747E+07  0.195E+16  0.195E+05  0.318E+00  0.201E-04  r  3.8
  410  0.188E+09  0.547E+12  0.522E+00  0.340E+27  0.776E+07  0.226E+16  0.217E+05  0.307E+00  0.271E-04  r  3.7
  411  0.180E+09  0.599E+12  0.556E+00  0.338E+27  0.806E+07  0.259E+16  0.240E+05  0.295E+00  0.363E-04  r  3.7
  412  0.173E+09  0.654E+12  0.590E+00  0.335E+27  0.837E+07  0.297E+16  0.265E+05  0.284E+00  0.483E-04  r  3.6
  413  0.165E+09  0.713E+12  0.625E+00  0.331E+27  0.869E+07  0.339E+16  0.291E+05  0.272E+00  0.637E-04  r  3.5
  414  0.158E+09  0.774E+12  0.659E+00  0.326E+27  0.901E+07  0.385E+16  0.319E+05  0.261E+00  0.832E-04  r  3.5
  415  0.150E+09  0.838E+12  0.693E+00  0.320E+27  0.934E+07  0.436E+16  0.348E+05  0.250E+00  0.108E-03  r  3.4
  416  0.143E+09  0.905E+12  0.727E+00  0.312E+27  0.968E+07  0.490E+16  0.378E+05  0.239E+00  0.138E-03  r  3.3
  417  0.135E+09  0.975E+12  0.759E+00  0.302E+27  0.100E+08  0.549E+16  0.409E+05  0.229E+00  0.176E-03  r  3.3
  418  0.128E+09  0.105E+13  0.790E+00  0.290E+27  0.104E+08  0.611E+16  0.440E+05  0.219E+00  0.222E-03  r  3.2
  419  0.120E+09  0.112E+13  0.820E+00  0.275E+27  0.107E+08  0.677E+16  0.472E+05  0.209E+00  0.276E-03  r  3.1
  420  0.113E+09  0.120E+13  0.847E+00  0.258E+27  0.111E+08  0.746E+16  0.504E+05  0.200E+00  0.341E-03  r  3.0
  421  0.105E+09  0.127E+13  0.873E+00  0.239E+27  0.114E+08  0.817E+16  0.535E+05  0.191E+00  0.416E-03  r  3.0
  422  0.974E+08  0.135E+13  0.896E+00  0.218E+27  0.117E+08  0.890E+16  0.565E+05  0.183E+00  0.502E-03  r  2.9
  423  0.899E+08  0.143E+13  0.916E+00  0.196E+27  0.121E+08  0.963E+16  0.595E+05  0.175E+00  0.600E-03  r  2.8
  424  0.823E+08  0.151E+13  0.934E+00  0.173E+27  0.124E+08  0.104E+17  0.623E+05  0.167E+00  0.710E-03  r  2.7
  425  0.748E+08  0.159E+13  0.949E+00  0.149E+27  0.128E+08  0.111E+17  0.650E+05  0.160E+00  0.833E-03  r  2.6
  426  0.672E+08  0.166E+13  0.962E+00  0.127E+27  0.131E+08  0.118E+17  0.675E+05  0.153E+00  0.969E-03  r  2.5
  427  0.597E+08  0.174E+13  0.972E+00  0.105E+27  0.134E+08  0.125E+17  0.699E+05  0.147E+00  0.112E-02  c  2.4
  428  0.521E+08  0.182E+13  0.980E+00  0.865E+26  0.137E+08  0.133E+17  0.721E+05  0.141E+00  0.129E-02  c  2.3
  429  0.446E+08  0.189E+13  0.986E+00  0.707E+26  0.140E+08  0.140E+17  0.743E+05  0.135E+00  0.148E-02  c  2.1
  430  0.370E+08  0.197E+13  0.990E+00  0.582E+26  0.144E+08  0.148E+17  0.766E+05  0.128E+00  0.172E-02  c  2.0
  431  0.294E+08  0.204E+13  0.992E+00  0.491E+26  0.148E+08  0.159E+17  0.794E+05  0.121E+00  0.208E-02  c  1.9
  432  0.219E+08  0.212E+13  0.994E+00  0.432E+26  0.155E+08  0.176E+17  0.840E+05  0.112E+00  0.277E-02  c  2.0
  433  0.143E+08  0.219E+13  0.994E+00  0.398E+26  0.174E+08  0.232E+17  0.977E+05  0.979E-01  0.569E-02  c  2.4
  434  0.680E+07  0.227E+13  0.994E+00 -0.127E+28  0.797E+08  0.510E+18  0.259E+06  0.455E-01  0.501E+03  c  2.0
  435  0.000E+00  0.124E+16  0.994E+00 -0.127E+28  0.858E+07  0.979E+18  0.852E+07  0.428E+02 -0.113E+00  c -0.4
